3 12 2 0 0 0 0.0 188.5 1.0 1.0 2.0 2.0 0.1
4 8 9 0 0 0 44.768 0.0 1.0 7.0 1.0 1.0 0.1
5 4 1 0 2 0 0.0 6.283 1.0 1.0 0.4 3.0 0.1
3 12 11 0 2 0 0.0 0.212 1.0 1.0 2.0 2.0 0.1
3 0 12 0 0 0 0.0 25.477 1.0 1.0 2.0 2.0 0.1
2 9 0 0 0 0 0.0 19.399 1.0 1.0 1.0 7.0 3.0
3 7 10 0 0 0 0.0 27.0 1.0 1.0 0.4 2.0 0.5
3 6 7 0 2 0 0.0 27.0 1.0 1.0 0.4 2.0 0.5
5 4 0 0 0 0 0.0 4.948 1.0 1.0 2.0 2.0 1.0
4 1 0 0 0 0 386.57 0.0 0.4 2.0 1.0 1.0 0.1
4 8 5 0 2 0 11.31 0.0 1.0 4.0 1.0 1.0 0.1
3 5 2 0 2 0 0.565 3.392 2.0 10.0 2.0 2.0 3.0
3 2 3 0 0 0 0.0 50.265 1.0 1.0 2.0 2.0 0.1
4 11 12 1 1 0 14.137 0.0 1.0 7.0 1.0 1.0 0.1
3 9 4 0 0 0 0.0 424.115 1.0 1.0 0.4 2.0 0.5
4 10 9 0 2 0 4.524 0.0 1.0 2.0 1.0 1.0 0.1
3 7 5 0 2 0 0.0 27.0 1.0 1.0 0.4 2.0 0.5
3 9 8 0 0 0 0.0 31.416 1.0 1.0 2.0 2.0 0.1
3 3 5 0 0 0 4.712 9.425 0.7 80.0 2.0 2.0 6.0
3 3 8 0 2 0 0.942 18.85 2.0 2.0 4.0 5.0 4.0
3 7 9 0 0 0 0.0 27.0 1.0 1.0 0.4 2.0 0.5
3 2 4 0 0 0 0.0 47.124 1.0 1.0 2.0 2.0 0.1
3 12 12 0 2 0 0.0157 0.141 0.7 80.0 0.4 2.0 0.1
1 3 9 0 2 0 1.257 0.188 10.0 80.0 2.0 7.0 2.0
